N
10,10
C
10
R
4,4
T
8,8
8,7
8,6
8,5
8,4
8,3
8,2
8,2
8,3
8,4
8,5
8,6
8,7
7,8
6,8
5,8
4,8
3,8
2,8
8,8
8,8
8,8
8,8
8,8
8,8
8,8
8,8
8,8
8,8
8,8
8,8
8,8
8,8
8,8
8,8
8,8
8,8
8,8
8,8
8,8
8,8
8,8
8,8
8,8
8,8
8,8
8,8
8,8
8,8
8,8
8,8
8,8
M
5, 1, 1, 1, 1, 1, 1, 1, 1, 5
5, 1, 1, 1, 1, 1, 1, 1, 1, 5
5, 1, 1, 1, 1, 1, 1, 1, 1, 5
5, 1, 1, 1, 1, 1, 1, 1, 1, 5
5, 1, 1, 1, 1, 1, 1, 1, 1, 5
5, 1, 1, 1, 1, 1, 1, 1, 1, 5
5, 1, 1, 1, 1, 1, 1, 1, 1, 5
5, 1, 1, 1, 1, 1, 1, 1, 1, 5
5, 1, 1, 1, 1, 1, 1, 1, 1, 5
5, 1, 1, 1, 1, 1, 1, 1, 1, 5